C - Lamps
	https://atcoder.jp/contests/tokiomarine2020/tasks/tokiomarine2020_c
	n個の電球
		1からnまでの番号がついている
		電球iは座標iにある
		電球には光るの強さ表す非負整数値が定まっている
			光の強さdのでんきゅうがあると
				x-d-0.5からx+d+0.5までの区間を照らす
					電球iの光の強さはAi
		1以上n以下の各整数iに対し、操作時にiを照らしている電球の個数をbiとする
			各電球iの光の強さをbiに変更する
		k回の操作を行った後の各電球の光の強さを求めてください
	1<=n<=2*10^5
	1<=k<=2*10^5
	0<=Ai<=n
		1 0 0 1 0
		1 2 2 1 2
		3 3 4 4 3
			1の電球の強さは1なのでx+1+0.5まで照らしている
				つまり2.5まで照らしている
			3の電球の強さは0なので、x+-0.5まで照らしている
				よって2を照らす電球は2自身の電球と1の電球である
		2回目の操作後は
			1へは3の電球までリーチするので、3となる
				3回の操作で4 5 5 5 4となり、
				4回目で5 5 5 5 5 となる
					最終的は全てnになる
		1 0 0 0 0だと
		1 2 0 0 0
		2 2 1 1 0
		2 3 3 3 1
		4 4 4 3 4
		5 5 5 5 5 
		全て0は変わらない
			どこかに1でも存在しているのであれば、
				n回の操作までに全てnになる
		各地点についてk回目でどれになっているのか分かれば良さそうであるが
			どこまで遠くの光が届くか
		あるxの光がどこまで届くか？
			全てのxは一度の操作で全てx>=1になる
				つまり全て0でも全て増加する
		1 0 0 0 0 
		1 2 1 1 1 となるのだ
		2 3 3 4 2
		4 4 4 4 4
		5 5 5 5 5
		
		0 0 0 0 0 
		1 1 1 1 1
		2 3 3 3 2
		4 4 5 4 4
		5 5 5 5 5
		
		1 1 0 0 0
		2 2 2 1 1
		3 3 4 4 3
		4 5 5 5 4
		5 5 5 5 5 

		範囲を考えるのでセグ木でもなさそう
			あるxの光がどこまで届くかを考えられれば処理出来るのだが
		右と左に処理する？
		0 0 0 0 0 
		1 0 0 0 0
		1 2 0 0 0
		1 2 3 0 0
		1 2 3 4 0
		1 2 3 4 5

		0 0 0 0 0 
		1 1 1 1 1 
		1 2 2 2 2

		0 0 0 0 0
		1 1 1 1 1
		2 2 2 2 1
		

		0 0 0 0 0
		0 0 0 0 1
		0 0 0 2 1
		0 0 3 2 1
		0 4 3 2 1
		5 4 3 2 1

		0 0 0 0 0 0 0 0 0 0 
		1 1 1 1 1 1 1 1 1 1
		2 3 3 3 3 3 3 3 3 2
		4 5 6 6 7 7 6 6 5 4
		7 8 8 9 9 9 9 8 8 7

		普通に処理出来る気がする
			処理出来なくなったらやる必要がないのだ
		10で、5回で処理が終わる
			10^5とかになったらもっと早く終わりそう
		このxはどこまで処理した
			を保持するべきでは？
				

D - Knapsack Queries on a tree
	https://atcoder.jp/contests/tokiomarine2020/tasks/tokiomarine2020_d
	1<=n<=2^18
	1<=q<=10^5
	1<=vi<=10^5
	1<=wi<=10-5
		あるアイテムを選ぶか選ばないかであるが、
			通常のdpでは処理しきれなさそう
				重さも10^5^2程度になる
			しかし1<=L<=10^5である
				分かったのは各葉への深さは最大で18程度
					意外と行けてしまう？
				オイラーツアーが頭に浮かぶわけであるが
					オイラーツアーである必要はなさそう
				いや、オイラーツアーの方が都合が良いか
					答えを入れながら処理出来るので
						後はdpを作りたいのだが、10^5まではなかなかきつい
				

				


				

		